(-256 -256 0 5 3 1 0.4 0.5)
(-256 -224 0 12 5 6 0.2 0.4)
(-256 -192 0 8 4 6 0.3 0.5)
(-256 -160 0 23 2 4 0.4 0.3)
(-256 -128 0 11 3 8 0.3 0.4)
(-256 -96 0 12 7 6 0.4 0.4)
(-256 -64 0 16 3 3 0.4 0.3)
(-256 -32 0 16 10 7 0.3 0.6)
(-256 0 0 15 5 5 0.4 0.1)
(-256 32 0 23 7 4 0.4 0.2)
(-256 64 0 19 7 7 0.2 0.5)
(-256 96 0 12 6 10 0.2 0.1)
(-256 128 0 24 10 2 0.4 0.3)
(-256 160 0 22 2 9 0.3 0.2)
(-256 192 0 13 2 6 0.4 0.1)
(-256 224 0 21 2 9 0.2 0.2)
(-256 256 0 15 8 2 0.3 0.3)
(-224 -256 0 23 5 5 0.4 0.1)
(-224 -224 0 24 9 2 0.4 0.2)
(-224 -192 0 13 7 4 0.2 0.5)
(-224 -160 0 23 6 10 0.3 0.6)
(-224 -128 0 12 10 3 0.3 0.2)
(-224 -96 0 9 10 6 0.4 0.1)
(-224 -64 0 10 4 10 0.4 0.3)
(-224 -32 0 9 8 2 0.2 0.3)
(-224 0 0 11 5 9 0.2 0.1)
(-224 32 0 14 5 4 0.3 0.5)
(-224 64 0 12 6 6 0.2 0.7)
(-224 96 0 21 10 3 0.4 0.6)
(-224 128 0 6 3 9 0.3 0.3)
(-224 160 0 8 6 2 0.4 0.4)
(-224 192 0 23 10 5 0.4 0.6)
(-224 224 0 22 5 5 0.3 0.7)
(-224 256 0 7 5 5 0.4 0.5)
(-192 -256 0 11 10 1 0.3 0.1)
(-192 -224 0 24 6 4 0.4 0.2)
(-192 -192 0 8 6 9 0.4 0.7)
(-192 -160 0 17 9 6 0.2 0.3)
(-192 -128 0 6 2 8 0.4 0.2)
(-192 -96 0 14 5 3 0.4 0.2)
(-192 -64 0 10 9 2 0.4 0.1)
(-192 -32 0 6 4 9 0.3 0.7)
(-192 0 0 11 6 6 0.4 0.7)
(-192 32 0 12 6 1 0.2 0.6)
(-192 64 0 7 6 8 0.3 0.7)
(-192 96 0 24 3 1 0.3 0.4)
(-192 128 0 14 5 6 0.3 0.5)
(-192 160 0 9 2 10 0.4 0.6)
(-192 192 0 21 3 7 0.3 0.2)
(-192 224 0 6 2 5 0.4 0.5)
(-192 256 0 14 5 5 0.2 0.5)
(-160 -256 0 17 9 9 0.3 0.3)
(-160 -224 0 9 10 3 0.3 0.6)
(-160 -192 0 8 3 1 0.3 0.2)
(-160 -160 0 14 9 7 0.2 0.7)
(-160 -128 0 23 9 5 0.2 0.4)
(-160 -96 0 19 7 10 0.3 0.1)
(-160 -64 0 8 5 3 0.3 0.2)
(-160 -32 0 15 8 5 0.4 0.2)
(-160 0 0 6 4 3 0.4 0.6)
(-160 32 0 7 3 3 0.4 0.7)
(-160 64 0 5 8 10 0.2 0.4)
(-160 96 0 24 6 8 0.2 0.4)
(-160 128 0 15 4 1 0.2 0.3)
(-160 160 0 18 10 2 0.4 0.5)
(-160 192 0 12 4 3 0.2 0.6)
(-160 224 0 20 4 4 0.4 0.7)
(-160 256 0 20 3 4 0.2 0.5)
(-128 -256 0 12 2 4 0.4 0.7)
(-128 -224 0 25 7 2 0.4 0.4)
(-128 -192 0 14 5 9 0.3 0.1)
(-128 -160 0 13 6 2 0.2 0.5)
(-128 -128 0 22 8 8 0.3 0.4)
(-128 -96 0 11 6 1 0.3 0.7)
(-128 -64 0 25 3 8 0.2 0.1)
(-128 -32 0 24 5 6 0.4 0.7)
(-128 0 0 13 5 6 0.4 0.7)
(-128 32 0 6 4 6 0.2 0.7)
(-128 64 0 15 8 7 0.3 0.5)
(-128 96 0 17 9 3 0.4 0.1)
(-128 128 0 8 10 6 0.3 0.2)
(-128 160 0 23 3 6 0.3 0.3)
(-128 192 0 24 10 1 0.4 0.1)
(-128 224 0 23 10 6 0.3 0.1)
(-128 256 0 15 3 1 0.2 0.7)
(-96 -256 0 22 7 5 0.2 0.7)
(-96 -224 0 8 8 9 0.4 0.4)
(-96 -192 0 21 3 4 0.4 0.3)
(-96 -160 0 18 6 9 0.3 0.5)
(-96 -128 0 5 6 8 0.3 0.2)
(-96 -96 0 23 6 4 0.4 0.5)
(-96 -64 0 12 8 5 0.4 0.2)
(-96 -32 0 14 7 9 0.3 0.7)
(-96 0 0 15 5 5 0.2 0.5)
(-96 32 0 7 4 3 0.3 0.7)
(-96 64 0 14 9 7 0.3 0.1)
(-96 96 0 14 4 9 0.3 0.2)
(-96 128 0 7 10 10 0.4 0.4)
(-96 160 0 24 2 3 0.3 0.1)
(-96 192 0 11 2 10 0.3 0.1)
(-96 224 0 19 8 5 0.2 0.1)
(-96 256 0 25 2 3 0.4 0.1)
(-64 -256 0 22 10 1 0.2 0.4)
(-64 -224 0 17 9 8 0.3 0.6)
(-64 -192 0 24 7 1 0.4 0.5)
(-64 -160 0 11 5 10 0.4 0.5)
(-64 -128 0 18 5 3 0.3 0.1)
(-64 -96 0 23 3 5 0.2 0.3)
(-64 -64 0 22 8 10 0.2 0.4)
(-64 -32 0 14 2 3 0.4 0.2)
(-64 0 0 10 7 5 0.2 0.3)
(-64 32 0 12 10 2 0.2 0.1)
(-64 64 0 13 6 3 0.2 0.1)
(-64 96 0 8 8 5 0.2 0.3)
(-64 128 0 7 3 5 0.2 0.6)
(-64 160 0 5 10 4 0.3 0.5)
(-64 192 0 17 2 9 0.4 0.4)
(-64 224 0 22 6 6 0.4 0.2)
(-64 256 0 21 6 5 0.3 0.3)
(-32 -256 0 10 10 2 0.2 0.1)
(-32 -224 0 23 4 4 0.3 0.5)
(-32 -192 0 9 4 8 0.2 0.3)
(-32 -160 0 12 9 5 0.2 0.6)
(-32 -128 0 18 3 5 0.4 0.2)
(-32 -96 0 21 4 2 0.2 0.3)
(-32 -64 0 5 9 10 0.4 0.6)
(-32 -32 0 18 3 7 0.3 0.3)
(-32 0 0 21 4 1 0.4 0.7)
(-32 32 0 13 2 5 0.4 0.5)
(-32 64 0 9 7 7 0.4 0.4)
(-32 96 0 15 3 10 0.3 0.7)
(-32 128 0 7 2 3 0.4 0.4)
(-32 160 0 17 7 8 0.4 0.6)
(-32 192 0 8 8 4 0.4 0.7)
(-32 224 0 9 4 5 0.3 0.4)
(-32 256 0 8 5 9 0.3 0.7)
(0 -256 0 13 8 9 0.2 0.5)
(0 -224 0 11 5 7 0.4 0.4)
(0 -192 0 16 2 10 0.3 0.6)
(0 -160 0 23 3 3 0.2 0.1)
(0 -128 0 24 10 9 0.2 0.1)
(0 -96 0 12 6 5 0.2 0.3)
(0 -64 0 17 4 8 0.2 0.7)
(0 -32 0 17 7 10 0.3 0.6)
(0 0 0 6 3 7 0.2 0.6)
(0 32 0 22 6 10 0.3 0.5)
(0 64 0 6 5 4 0.4 0.4)
(0 96 0 16 2 6 0.3 0.3)
(0 128 0 14 4 6 0.2 0.7)
(0 160 0 7 7 6 0.2 0.6)
(0 192 0 17 8 8 0.3 0.1)
(0 224 0 12 10 8 0.3 0.7)
(0 256 0 25 3 1 0.3 0.2)
(32 -256 0 6 8 8 0.4 0.4)
(32 -224 0 9 10 4 0.4 0.4)
(32 -192 0 8 3 2 0.4 0.7)
(32 -160 0 20 2 4 0.4 0.6)
(32 -128 0 5 3 10 0.4 0.3)
(32 -96 0 13 4 10 0.3 0.7)
(32 -64 0 21 3 10 0.4 0.5)
(32 -32 0 21 8 2 0.2 0.3)
(32 0 0 9 7 7 0.4 0.7)
(32 32 0 5 9 8 0.2 0.6)
(32 64 0 22 4 1 0.4 0.4)
(32 96 0 15 2 9 0.4 0.5)
(32 128 0 25 3 1 0.2 0.4)
(32 160 0 21 7 4 0.3 0.4)
(32 192 0 16 2 2 0.4 0.4)
(32 224 0 16 7 9 0.4 0.2)
(32 256 0 22 2 8 0.3 0.7)
(64 -256 0 13 2 2 0.2 0.4)
(64 -224 0 7 2 1 0.3 0.4)
(64 -192 0 25 7 4 0.2 0.5)
(64 -160 0 12 8 8 0.4 0.4)
(64 -128 0 16 2 3 0.4 0.4)
(64 -96 0 6 4 2 0.3 0.5)
(64 -64 0 14 9 9 0.2 0.5)
(64 -32 0 6 10 7 0.4 0.7)
(64 0 0 13 4 3 0.4 0.6)
(64 32 0 15 7 4 0.2 0.2)
(64 64 0 22 5 7 0.4 0.6)
(64 96 0 20 9 2 0.3 0.1)
(64 128 0 10 10 5 0.3 0.3)
(64 160 0 10 6 5 0.2 0.7)
(64 192 0 18 3 2 0.3 0.4)
(64 224 0 25 8 7 0.2 0.3)
(64 256 0 15 8 2 0.3 0.1)
(96 -256 0 15 7 1 0.3 0.5)
(96 -224 0 8 2 8 0.3 0.7)
(96 -192 0 12 4 2 0.2 0.2)
(96 -160 0 17 5 1 0.3 0.4)
(96 -128 0 25 6 6 0.4 0.7)
(96 -96 0 17 3 4 0.4 0.2)
(96 -64 0 14 10 7 0.4 0.3)
(96 -32 0 20 6 2 0.3 0.5)
(96 0 0 14 2 6 0.4 0.5)
(96 32 0 14 9 8 0.4 0.5)
(96 64 0 24 5 6 0.2 0.1)
(96 96 0 14 7 8 0.2 0.6)
(96 128 0 20 4 7 0.3 0.7)
(96 160 0 11 6 2 0.3 0.6)
(96 192 0 19 2 8 0.4 0.2)
(96 224 0 21 5 5 0.4 0.6)
(96 256 0 19 8 3 0.4 0.3)
(128 -256 0 16 4 8 0.3 0.3)
(128 -224 0 16 4 1 0.2 0.3)
(128 -192 0 19 9 10 0.3 0.7)
(128 -160 0 13 10 10 0.4 0.2)
(128 -128 0 10 4 4 0.3 0.6)
(128 -96 0 6 2 9 0.2 0.7)
(128 -64 0 10 6 6 0.2 0.6)
(128 -32 0 11 3 4 0.2 0.2)
(128 0 0 25 3 8 0.3 0.7)
(128 32 0 19 10 6 0.3 0.5)
(128 64 0 16 2 5 0.2 0.7)
(128 96 0 21 2 5 0.3 0.5)
(128 128 0 18 9 10 0.3 0.2)
(128 160 0 6 9 3 0.3 0.3)
(128 192 0 25 5 10 0.2 0.6)
(128 224 0 8 3 4 0.3 0.1)
(128 256 0 11 4 3 0.2 0.1)
(160 -256 0 10 3 6 0.3 0.4)
(160 -224 0 20 9 7 0.2 0.2)
(160 -192 0 17 2 7 0.4 0.6)
(160 -160 0 20 10 6 0.4 0.4)
(160 -128 0 5 3 8 0.3 0.7)
(160 -96 0 17 9 1 0.2 0.6)
(160 -64 0 9 3 3 0.4 0.2)
(160 -32 0 6 8 10 0.3 0.4)
(160 0 0 7 5 5 0.2 0.2)
(160 32 0 20 7 8 0.2 0.3)
(160 64 0 6 9 1 0.2 0.6)
(160 96 0 24 6 2 0.3 0.1)
(160 128 0 21 4 5 0.2 0.5)
(160 160 0 5 6 7 0.2 0.4)
(160 192 0 5 5 4 0.2 0.2)
(160 224 0 6 5 10 0.3 0.3)
(160 256 0 21 6 9 0.3 0.4)
(192 -256 0 21 7 9 0.2 0.2)
(192 -224 0 8 7 9 0.3 0.3)
(192 -192 0 6 10 5 0.2 0.4)
(192 -160 0 9 7 2 0.4 0.4)
(192 -128 0 18 6 8 0.4 0.4)
(192 -96 0 13 8 2 0.3 0.4)
(192 -64 0 14 9 8 0.3 0.1)
(192 -32 0 22 3 6 0.2 0.2)
(192 0 0 21 8 7 0.2 0.1)
(192 32 0 23 10 8 0.4 0.3)
(192 64 0 9 3 3 0.4 0.2)
(192 96 0 6 10 2 0.4 0.7)
(192 128 0 12 6 1 0.3 0.5)
(192 160 0 22 5 8 0.2 0.3)
(192 192 0 23 10 6 0.3 0.7)
(192 224 0 6 3 2 0.3 0.7)
(192 256 0 8 7 3 0.4 0.1)
(224 -256 0 5 10 7 0.4 0.4)
(224 -224 0 5 8 5 0.2 0.3)
(224 -192 0 10 3 8 0.2 0.5)
(224 -160 0 9 5 9 0.3 0.2)
(224 -128 0 15 8 10 0.4 0.5)
(224 -96 0 10 4 6 0.2 0.6)
(224 -64 0 22 2 6 0.4 0.5)
(224 -32 0 7 10 10 0.4 0.2)
(224 0 0 17 2 3 0.3 0.1)
(224 32 0 14 2 4 0.2 0.1)
(224 64 0 24 8 7 0.4 0.7)
(224 96 0 15 10 4 0.2 0.5)
(224 128 0 17 3 4 0.3 0.7)
(224 160 0 12 2 10 0.3 0.7)
(224 192 0 12 4 10 0.2 0.6)
(224 224 0 25 10 10 0.2 0.7)
(224 256 0 19 2 5 0.4 0.2)
(256 -256 0 21 9 4 0.4 0.4)
(256 -224 0 15 6 9 0.4 0.6)
(256 -192 0 13 4 4 0.2 0.2)
(256 -160 0 16 2 8 0.3 0.3)
(256 -128 0 23 4 5 0.4 0.1)
(256 -96 0 7 3 6 0.4 0.1)
(256 -64 0 18 2 1 0.2 0.5)
(256 -32 0 15 3 10 0.4 0.6)
(256 0 0 12 5 9 0.3 0.3)
(256 32 0 21 3 2 0.4 0.7)
(256 64 0 5 6 5 0.4 0.1)
(256 96 0 13 6 1 0.4 0.5)
(256 128 0 22 9 9 0.3 0.7)
(256 160 0 8 10 9 0.2 0.3)
(256 192 0 18 6 3 0.4 0.6)
(256 224 0 22 5 4 0.4 0.4)
(256 256 0 24 2 3 0.4 0.7)
